{
 "cells": [
  {
   "cell_type": "code",
   "execution_count": 1,
   "id": "d5980072",
   "metadata": {},
   "outputs": [],
   "source": [
    "import numpy as np"
   ]
  },
  {
   "cell_type": "code",
   "execution_count": 2,
   "id": "828eb697",
   "metadata": {},
   "outputs": [
    {
     "data": {
      "text/plain": [
       "array([[0.90447607, 0.87609596, 0.82625153, 0.27734692, 0.77049176],\n",
       "       [0.25648661, 0.04452698, 0.5926634 , 0.85179692, 0.648986  ],\n",
       "       [0.88881007, 0.98300707, 0.82306694, 0.65342329, 0.62462184],\n",
       "       [0.76214961, 0.54638382, 0.43604101, 0.86313681, 0.16898734],\n",
       "       [0.11730188, 0.85744745, 0.50330653, 0.58469897, 0.87784551]])"
      ]
     },
     "execution_count": 2,
     "metadata": {},
     "output_type": "execute_result"
    }
   ],
   "source": [
    "A1 = np.random.rand(5, 5)\n",
    "A1"
   ]
  },
  {
   "cell_type": "code",
   "execution_count": 33,
   "id": "b9fb4f1e",
   "metadata": {},
   "outputs": [
    {
     "name": "stdout",
     "output_type": "stream",
     "text": [
      "5\n",
      "-0.05556823190238583\n",
      "(array([ 3.1339375 +0.j        , -0.58361738+0.j        ,\n",
      "        0.44417562+0.45952696j,  0.44417562-0.45952696j,\n",
      "        0.07438094+0.j        ]), array([[-0.52150995+0.j        ,  0.13848178+0.j        ,\n",
      "        -0.09293025-0.52563414j, -0.09293025+0.52563414j,\n",
      "         0.37740366+0.j        ],\n",
      "       [-0.33912651+0.j        , -0.8674805 +0.j        ,\n",
      "         0.07091655+0.20250134j,  0.07091655-0.20250134j,\n",
      "        -0.10313354+0.j        ],\n",
      "       [-0.55919888+0.j        ,  0.31036308+0.j        ,\n",
      "        -0.15356588-0.09320304j, -0.15356588+0.09320304j,\n",
      "        -0.7594389 +0.j        ],\n",
      "       [-0.39247294+0.j        ,  0.12111545+0.j        ,\n",
      "        -0.39452383+0.356392j  , -0.39452383-0.356392j  ,\n",
      "         0.01528848+0.j        ],\n",
      "       [-0.38246855+0.j        ,  0.34249992+0.j        ,\n",
      "         0.59506569+0.j        ,  0.59506569-0.j        ,\n",
      "         0.51956594+0.j        ]]))\n"
     ]
    }
   ],
   "source": [
    "print(np.linalg.matrix_rank(A1))\n",
    "print(np.linalg.det(A1))\n",
    "print(np.linalg.eig(A1))\n"
   ]
  },
  {
   "cell_type": "code",
   "execution_count": 20,
   "id": "c2262a8d",
   "metadata": {},
   "outputs": [
    {
     "data": {
      "text/plain": [
       "array([[0.90447607, 0.25648661, 0.88881007, 0.76214961, 0.11730188],\n",
       "       [0.87609596, 0.04452698, 0.98300707, 0.54638382, 0.85744745],\n",
       "       [0.82625153, 0.5926634 , 0.82306694, 0.43604101, 0.50330653],\n",
       "       [0.27734692, 0.85179692, 0.65342329, 0.86313681, 0.58469897],\n",
       "       [0.77049176, 0.648986  , 0.62462184, 0.16898734, 0.87784551]])"
      ]
     },
     "execution_count": 20,
     "metadata": {},
     "output_type": "execute_result"
    }
   ],
   "source": [
    "T = A1.T\n",
    "T"
   ]
  },
  {
   "cell_type": "code",
   "execution_count": 34,
   "id": "e0852886",
   "metadata": {},
   "outputs": [
    {
     "name": "stdout",
     "output_type": "stream",
     "text": [
      "5\n",
      "-0.05556823190238578\n",
      "(array([ 3.1339375 +0.j        , -0.58361738+0.j        ,\n",
      "        0.44417562+0.45952696j,  0.44417562-0.45952696j,\n",
      "        0.07438094+0.j        ]), array([[-0.41578408+0.j        ,  0.17840842+0.j        ,\n",
      "         0.19113747+0.50563466j,  0.19113747-0.50563466j,\n",
      "         0.41113236+0.j        ],\n",
      "       [-0.46483474+0.j        ,  0.84548284+0.j        ,\n",
      "         0.04649179-0.13188189j,  0.04649179+0.13188189j,\n",
      "        -0.07863941+0.j        ],\n",
      "       [-0.45085618+0.j        , -0.25581137+0.j        ,\n",
      "         0.15957971-0.06124037j,  0.15957971+0.06124037j,\n",
      "        -0.76977577+0.j        ],\n",
      "       [-0.46701896+0.j        , -0.28417095+0.j        ,\n",
      "        -0.6409028 +0.j        , -0.6409028 -0.j        ,\n",
      "         0.44974171+0.j        ],\n",
      "       [-0.43551609+0.j        , -0.3273173 +0.j        ,\n",
      "         0.12250294-0.4829765j ,  0.12250294+0.4829765j ,\n",
      "         0.17310022+0.j        ]]))\n"
     ]
    }
   ],
   "source": [
    "print(np.linalg.matrix_rank(T))\n",
    "print(np.linalg.det(T))\n",
    "print(np.linalg.eig(T))"
   ]
  },
  {
   "cell_type": "markdown",
   "id": "9a8beb90",
   "metadata": {},
   "source": [
    "При транспонировании ранг, определитель и собственные значения матрицы не меняются."
   ]
  },
  {
   "cell_type": "code",
   "execution_count": 23,
   "id": "5c0bff5c",
   "metadata": {},
   "outputs": [
    {
     "data": {
      "text/plain": [
       "array([[ 3.4963486 , -0.43707734, -4.76230318,  2.84910331,  0.09446481],\n",
       "       [-1.2432708 , -1.05760228,  1.79857982, -0.36835931,  0.66425674],\n",
       "       [-4.70890824,  1.44429271,  9.13553181, -5.17621554, -2.438571  ],\n",
       "       [-0.68568266,  0.31535617, -0.34924356,  1.05103516,  0.41486186],\n",
       "       [ 3.90370888,  0.05331005, -6.12560061,  2.24678197,  1.59952205]])"
      ]
     },
     "execution_count": 23,
     "metadata": {},
     "output_type": "execute_result"
    }
   ],
   "source": [
    "A1I = np.linalg.inv(A1)\n",
    "A1I"
   ]
  },
  {
   "cell_type": "code",
   "execution_count": 35,
   "id": "a32ba7d2",
   "metadata": {},
   "outputs": [
    {
     "name": "stdout",
     "output_type": "stream",
     "text": [
      "5\n",
      "-17.995893800555915\n",
      "(array([13.44430394+0.j        , -1.71345136+0.j        ,\n",
      "        1.08744768+1.12503139j,  1.08744768-1.12503139j,\n",
      "        0.31908741+0.j        ]), array([[ 0.37740366+0.j        , -0.13848178+0.j        ,\n",
      "        -0.09293025+0.52563414j, -0.09293025-0.52563414j,\n",
      "         0.52150995+0.j        ],\n",
      "       [-0.10313354+0.j        ,  0.8674805 +0.j        ,\n",
      "         0.07091655-0.20250134j,  0.07091655+0.20250134j,\n",
      "         0.33912651+0.j        ],\n",
      "       [-0.7594389 +0.j        , -0.31036308+0.j        ,\n",
      "        -0.15356588+0.09320304j, -0.15356588-0.09320304j,\n",
      "         0.55919888+0.j        ],\n",
      "       [ 0.01528848+0.j        , -0.12111545+0.j        ,\n",
      "        -0.39452383-0.356392j  , -0.39452383+0.356392j  ,\n",
      "         0.39247294+0.j        ],\n",
      "       [ 0.51956594+0.j        , -0.34249992+0.j        ,\n",
      "         0.59506569+0.j        ,  0.59506569-0.j        ,\n",
      "         0.38246855+0.j        ]]))\n"
     ]
    }
   ],
   "source": [
    "print(np.linalg.matrix_rank(A1I))\n",
    "print(np.linalg.det(A1I))\n",
    "print(np.linalg.eig(A1I))"
   ]
  },
  {
   "cell_type": "markdown",
   "id": "e5385e76",
   "metadata": {},
   "source": [
    "Обратная матрица имеет тот же ранг, что и исходная."
   ]
  },
  {
   "cell_type": "code",
   "execution_count": 16,
   "id": "a7192c55",
   "metadata": {},
   "outputs": [
    {
     "data": {
      "text/plain": [
       "array([[1., 0., 0., 0.],\n",
       "       [0., 1., 0., 0.],\n",
       "       [0., 0., 1., 0.],\n",
       "       [0., 0., 0., 1.]])"
      ]
     },
     "execution_count": 16,
     "metadata": {},
     "output_type": "execute_result"
    }
   ],
   "source": [
    "I = np.eye(4, 4)\n",
    "I"
   ]
  },
  {
   "cell_type": "code",
   "execution_count": 36,
   "id": "89a2f760",
   "metadata": {},
   "outputs": [
    {
     "name": "stdout",
     "output_type": "stream",
     "text": [
      "4\n",
      "1.0\n",
      "(array([1., 1., 1., 1.]), array([[1., 0., 0., 0.],\n",
      "       [0., 1., 0., 0.],\n",
      "       [0., 0., 1., 0.],\n",
      "       [0., 0., 0., 1.]]))\n"
     ]
    }
   ],
   "source": [
    "print(np.linalg.matrix_rank(I))\n",
    "print(np.linalg.det(I))\n",
    "print(np.linalg.eig(I))"
   ]
  },
  {
   "cell_type": "markdown",
   "id": "37896e65",
   "metadata": {},
   "source": [
    "Ранг единичной матрицы зависит от её размерности. Определитель единичной матрицы всегда равен 1. Собсвенные значения единицы."
   ]
  },
  {
   "cell_type": "code",
   "execution_count": 24,
   "id": "57a60164",
   "metadata": {},
   "outputs": [
    {
     "data": {
      "text/plain": [
       "array([[0.21275152, 0.52111589, 0.68852421, 0.02275196],\n",
       "       [0.38684307, 0.8396129 , 0.36375464, 0.42165481],\n",
       "       [0.06869324, 0.71560176, 0.67934018, 0.27631809],\n",
       "       [0.24515015, 0.14575461, 0.92203048, 0.88678015]])"
      ]
     },
     "execution_count": 24,
     "metadata": {},
     "output_type": "execute_result"
    }
   ],
   "source": [
    "A2 = np.random.rand(4, 4)\n",
    "A2"
   ]
  },
  {
   "cell_type": "code",
   "execution_count": 37,
   "id": "5751a47c",
   "metadata": {},
   "outputs": [
    {
     "name": "stdout",
     "output_type": "stream",
     "text": [
      "4\n",
      "0.12639174482428067\n",
      "(array([1.89551524+0.j        , 0.09622373+0.34121446j,\n",
      "       0.09622373-0.34121446j, 0.53052207+0.j        ]), array([[-0.36671135+0.j        ,  0.67105751+0.j        ,\n",
      "         0.67105751-0.j        , -0.56581482+0.j        ],\n",
      "       [-0.53527214+0.j        , -0.33229393-0.06684002j,\n",
      "        -0.33229393+0.06684002j, -0.2242965 +0.j        ],\n",
      "       [-0.47138401+0.j        ,  0.14114956+0.39952796j,\n",
      "         0.14114956-0.39952796j, -0.11730699+0.j        ],\n",
      "       [-0.59733042+0.j        , -0.09749032-0.49572657j,\n",
      "        -0.09749032+0.49572657j,  0.78471889+0.j        ]]))\n"
     ]
    }
   ],
   "source": [
    "print(np.linalg.matrix_rank(A2))\n",
    "print(np.linalg.det(A2))\n",
    "print(np.linalg.eig(A2))"
   ]
  },
  {
   "cell_type": "code",
   "execution_count": 25,
   "id": "159fb05d",
   "metadata": {},
   "outputs": [
    {
     "data": {
      "text/plain": [
       "array([[0.21275152, 0.        , 0.        , 0.        ],\n",
       "       [0.        , 0.8396129 , 0.        , 0.        ],\n",
       "       [0.        , 0.        , 0.67934018, 0.        ],\n",
       "       [0.        , 0.        , 0.        , 0.88678015]])"
      ]
     },
     "execution_count": 25,
     "metadata": {},
     "output_type": "execute_result"
    }
   ],
   "source": [
    "DA = A2 * I\n",
    "DA"
   ]
  },
  {
   "cell_type": "code",
   "execution_count": 38,
   "id": "fde2f308",
   "metadata": {},
   "outputs": [
    {
     "name": "stdout",
     "output_type": "stream",
     "text": [
      "4\n",
      "0.10761059961204118\n",
      "(array([0.21275152, 0.8396129 , 0.67934018, 0.88678015]), array([[1., 0., 0., 0.],\n",
      "       [0., 1., 0., 0.],\n",
      "       [0., 0., 1., 0.],\n",
      "       [0., 0., 0., 1.]]))\n"
     ]
    }
   ],
   "source": [
    "print(np.linalg.matrix_rank(DA))\n",
    "print(np.linalg.det(DA))\n",
    "print(np.linalg.eig(DA))"
   ]
  },
  {
   "cell_type": "markdown",
   "id": "e4e897b6",
   "metadata": {},
   "source": [
    "Ранг диагональной матрицы зависти от её размерности(или числа элементов в её диагонали). Как и единичной матрицей это проистекает, что вектора n размерности, где координаты каждого вектора равны 0, кромей одной, и их индексы(местоположения) не совпадают. В этом случае они будут линейно независимы, а число линейно независимых векторов явялется рангом матрицы. Пример подобной линейной комбинации векторов - ортогональный базис для 3-х мерного пространства(i, j, k)\n",
    "\n",
    "Собственные векторы диагональной матрице равны единичной матрице."
   ]
  },
  {
   "cell_type": "code",
   "execution_count": 19,
   "id": "c7983648",
   "metadata": {},
   "outputs": [
    {
     "data": {
      "text/plain": [
       "array([[0., 0., 0.],\n",
       "       [0., 0., 0.],\n",
       "       [0., 0., 0.]])"
      ]
     },
     "execution_count": 19,
     "metadata": {},
     "output_type": "execute_result"
    }
   ],
   "source": [
    "O = np.zeros([3, 3])\n",
    "O"
   ]
  },
  {
   "cell_type": "code",
   "execution_count": 39,
   "id": "2bcc68ff",
   "metadata": {},
   "outputs": [
    {
     "name": "stdout",
     "output_type": "stream",
     "text": [
      "0\n",
      "0.0\n",
      "(array([0., 0., 0.]), array([[1., 0., 0.],\n",
      "       [0., 1., 0.],\n",
      "       [0., 0., 1.]]))\n"
     ]
    }
   ],
   "source": [
    "print(np.linalg.matrix_rank(O))\n",
    "print(np.linalg.det(O))\n",
    "print(np.linalg.eig(O))"
   ]
  },
  {
   "cell_type": "markdown",
   "id": "89bc5447",
   "metadata": {},
   "source": [
    "Ранг и определитель и собственные значения нулевой матрицы равны 0, а собственные векторы единичной матрице."
   ]
  }
 ],
 "metadata": {
  "kernelspec": {
   "display_name": "Python 3",
   "language": "python",
   "name": "python3"
  },
  "language_info": {
   "codemirror_mode": {
    "name": "ipython",
    "version": 3
   },
   "file_extension": ".py",
   "mimetype": "text/x-python",
   "name": "python",
   "nbconvert_exporter": "python",
   "pygments_lexer": "ipython3",
   "version": "3.8.8"
  }
 },
 "nbformat": 4,
 "nbformat_minor": 5
}
